10,3
11,20
11,6
11,28
11,8
11,18
11,1
11,14
11,2
11,3
9,7
9,4
9,1
9,6
9,2
9,3
8,5
8,9
8,15
8,7
8,2
8,3
0,317
12,2
12,1
12,3
336,4
336,3
336,2
336,1
336,0
335,7
335,6
335,5
335,4
335,3
335,2
335,1
335,0
334,25
334,24
334,23
334,22
334,21
334,20
334,19
334,18
334,17
334,16
334,15
334,14
334,13
334,12
334,11
334,10
334,9
334,8
334,7
334,6
334,5
334,4
334,3
334,2
334,1
334,0
333,4
333,3
333,2
333,1
333,0
332,8
332,7
332,6
332,5
332,4
332,3
332,2
332,1
332,0
331,8
331,7
331,6
331,5
331,4
331,3
331,2
331,1
331,0
330,9
330,8
330,7
330,6
330,5
330,4
330,3
330,2
330,1
330,0
329,6
329,5
329,4
329,3
329,2
329,1
329,0
328,6
328,5
328,4
328,3
18,3
328,2
328,1
293,9
293,8
293,7
293,6
293,5
14,85
293,4
293,1
265,10
265,9
265,8
265,7
14,98
14,3
13,1
265,6
13,6
265,5
265,1
20,3
